GET,/ping,,200
GET,/ping,,200
GET,/ping,,200
GET,/ping,,200
GET,/ping,,200
GET,/ping,,200
GET,/ping,,200
GET,/ping,,200
GET,/ping,,200
GET,/ping,,200
